95.574713 0
95.593870 11
95.613027 5
95.632184 12
95.651341 5
95.670498 49
95.689655 71
95.708812 139
95.727969 47
95.747126 31
95.766284 127
95.785441 23
95.804598 12
95.823755 3
95.842912 24
95.862069 31
95.881226 24
95.900383 78
95.919540 22
95.938697 10
95.957854 19
95.977011 4
95.996169 1
96.015326 15
96.034483 26
96.053640 45
96.072797 42
96.091954 14
96.111111 22
96.130268 37
96.149425 16
96.168582 44
96.187739 30
96.206897 27
96.226054 10
96.245211 7
96.264368 5
96.283525 33
96.302682 18
96.321839 13
96.340996 34
96.360153 14
96.379310 18
96.398467 19
96.417625 33
96.436782 54
96.455939 28
96.475096 7
96.494253 5
96.513410 5
96.532567 2
96.551724 2
96.570881 5
96.590038 13
96.609195 12
96.628352 35
96.647510 27
96.666667 8
96.685824 21
96.704981 42
96.724138 41
96.743295 27
96.762452 17
96.781609 35
96.800766 30
96.819923 27
96.839080 29
96.858238 36
96.877395 5
96.896552 19
96.915709 14
96.934866 27
96.954023 70
96.973180 5
96.992337 1
97.011494 5
97.030651 8
97.049808 11
97.068966 11
97.088123 12
97.107280 3
97.126437 6
97.145594 3
97.164751 20
97.183908 20
97.203065 26
97.222222 35
97.241379 7
97.260536 21
97.279693 17
97.298851 44
97.318008 32
97.337165 30
97.356322 23
97.375479 28
97.394636 52
97.413793 121
97.432950 27
97.452107 13
97.471264 30
97.490421 8
97.509579 4
97.528736 19
97.547893 64
97.567050 18
97.586207 10
97.605364 2
97.624521 0
97.643678 0
97.662835 9
97.681992 0
97.701149 9
97.720307 2
97.739464 0
97.758621 9
97.777778 29
97.796935 28
97.816092 10
97.835249 15
97.854406 11
97.873563 2
97.892720 20
97.911877 15
97.931034 29
97.950192 9
97.969349 3
97.988506 0
98.007663 2
98.026820 3
98.045977 1
98.065134 27
98.084291 28
98.103448 18
98.122605 12
98.141762 6
98.160920 20
98.180077 11
98.199234 17
98.218391 7
98.237548 6
98.256705 11
98.275862 12
98.295019 7
98.314176 25
98.333333 12
98.352490 15
98.371648 21
98.390805 18
98.409962 3
98.429119 3
98.448276 1
98.467433 3
98.486590 4
98.505747 21
98.524904 32
98.544061 23
98.563218 38
98.582375 20
98.601533 15
98.620690 5
98.639847 12
98.659004 37
98.678161 13
98.697318 16
98.716475 3
98.735632 6
98.754789 7
98.773946 11
98.793103 7
98.812261 6
98.831418 3
98.850575 25
98.869732 6
98.888889 15
98.908046 20
98.927203 41
98.946360 10
98.965517 13
98.984674 3
99.003831 15
99.022989 32
99.042146 9
99.061303 7
99.080460 3
99.099617 5
99.118774 0
99.137931 5
99.157088 3
99.176245 6
99.195402 16
99.214559 6
99.233716 8
99.252874 3
99.272031 20
99.291188 16
99.310345 13
99.329502 12
99.348659 7
99.367816 16
99.386973 11
99.406130 7
99.425287 24
99.444444 26
99.463602 9
99.482759 1
99.501916 0
99.521073 0
99.540230 3
99.559387 5
99.578544 9
99.597701 5
99.616858 25
99.636015 9
99.655172 11
99.674330 0
99.693487 1
99.712644 1
99.731801 1
99.750958 4
99.770115 2
99.789272 0
99.808429 1
99.827586 0
99.846743 1
99.865900 4
99.885057 10
99.904215 1
99.923372 1
99.942529 2
99.961686 3
99.980843 0
100.000000 4
100.019157 8
100.038314 30
100.057471 9
100.076628 4
100.095785 15
100.114943 23
100.134100 7
100.153257 8
100.172414 23
100.191571 12
100.210728 6
100.229885 1
100.249042 2
100.268199 0
100.287356 1
100.306513 1
100.325670 14
100.344828 7
100.363985 3
100.383142 0
100.402299 0
100.421456 2
100.440613 28
100.459770 12
100.478927 29
100.498084 8
100.517241 41
100.536398 62
100.555556 41
100.574713 32
100.593870 55
100.613027 13
100.632184 27
100.651341 4
100.670498 5
100.689655 0
100.708812 31
100.727969 31
100.747126 22
100.766284 20
100.785441 3
100.804598 7
100.823755 0
100.842912 0
100.862069 0
100.881226 0
100.900383 2
100.919540 0
100.938697 0
100.957854 0
100.977011 0
100.996169 0
101.015326 0
101.034483 0
101.053640 6
101.072797 1
101.091954 2
101.111111 3
101.130268 13
101.149425 5
101.168582 3
101.187739 0
101.206897 0
101.226054 0
101.245211 1
101.264368 1
101.283525 0
101.302682 0
101.321839 1
101.340996 0
101.360153 0
101.379310 0
101.398467 0
101.417625 1
101.436782 3
101.455939 17
101.475096 9
101.494253 14
101.513410 1
101.532567 1
101.551724 1
101.570881 5
101.590038 28
101.609195 5
101.628352 0
101.647510 1
101.666667 0
101.685824 0
101.704981 0
101.724138 1
101.743295 0
101.762452 0
101.781609 0
101.800766 0
101.819923 2
101.839080 0
101.858238 4
101.877395 5
101.896552 2
101.915709 0
101.934866 0
101.954023 2
101.973180 0
101.992337 0
102.011494 1
102.030651 0
102.049808 2
102.068966 2
102.088123 1
102.107280 18
102.126437 6
102.145594 4
102.164751 0
102.183908 0
102.203065 0
102.222222 3
102.241379 8
102.260536 3
102.279693 0
102.298851 4
102.318008 130
102.337165 40
102.356322 35
102.375479 77
102.394636 173
102.413793 93
102.432950 42
102.452107 19
102.471264 104
102.490421 52
